Particles: 10
Grid: 10x10
Max. init. velocity: 250,250
Seed: 0
Iteration: 77
Max. clustering X: 24
Max. clustering Y: 24
Max. clustering XY: 52

Positions
4.07944334284501,7.95044180069183
6.37392507179114,0.847039669838228
1.93235712036149,2.95880750801413
7.60021534616283,5.79780668226476
7.07450750514649,2.2820039527921
2.02617312306733,5.43350500254255
7.90245199721018,3.06635640629583
4.79329545092844,2.05587774051154
2.75171969060957,7.06614838565188
2.70239907775192,1.06010842782328

Velocities
0.180907343678982,-0.0416978767612469
0.20939924687331,-0.0976678298892566
0.191585100062754,-0.202822946102533
-0.207360498812275,0.0110260570464315
0.0890012784314497,0.159072650959522
-0.112078005503114,-0.0501187752550988
0.116309651770191,0.03911362644996
0.0885887290771317,0.225627368367139
-0.0484670065586664,0.0743483504260436
-0.121828095593531,-0.237682181292413

Colors
61,131,201
113,146,113
155,82,183
125,206,157
79,217,148
211,121,163
87,111,49
117,58,195
144,63,199
148,185,63
