Particles: 10
Grid: 10x10
Max. init. velocity: 250,250
Seed: 0
Iteration: 99
Max. clustering X: 30
Max. clustering Y: 24
Max. clustering XY: 52

Positions
8.0594049037826,7.0330885119444
8.01929149699603,2.30165258772542
6.14722932174209,2.5032973062416
3.03828437229279,6.04037993728626
8.8286629790722,5.71535812625841
1.46798734941508,6.14636984006898
8.33486301227943,3.99310033583814
6.74224749062534,7.01967984458859
1.68544554631891,8.70181209502484
1.00626337671967,3.35342166747122

Velocities
0.180907343678982,-0.0416978767612469
-0.20939924687331,0.0976678298892566
0.191585100062754,0.202822946102533
-0.207360498812275,0.0110260570464315
0.0784459042057025,0.155642903206364
0.116528671701045,0.233947680488833
-0.126865025995938,0.042543374203118
0.0885887290771317,0.225627368367139
-0.0484670065586664,0.0743483504260436
0.126278761791462,-0.0463842744515181

Colors
61,131,201
113,146,113
155,82,183
125,206,157
79,217,148
211,121,163
87,111,49
117,58,195
144,63,199
148,185,63
