Particles: 10
Grid: 10x10
Max. init. velocity: 250,250
Seed: 0
Iteration: 74
Max. clustering X: 22
Max. clustering Y: 24
Max. clustering XY: 51

Positions
3.53672131180806,8.07553543097558
5.74572733117121,1.140043159506
1.35760182017323,3.56727634632173
8.22229684259965,5.76472851112546
6.80750366985214,1.80478599991354
2.36240713957667,5.58386132830785
7.55352304189961,2.94901552694595
4.52752926369705,1.37899563541013
2.89712071028557,6.84310333437375
3.06788336453252,1.77315497170052

Velocities
0.180907343678982,-0.0416978767612469
0.20939924687331,-0.0976678298892566
0.191585100062754,-0.202822946102533
-0.207360498812275,0.0110260570464315
0.0890012784314497,0.159072650959522
-0.112078005503114,-0.0501187752550988
0.116309651770191,0.03911362644996
0.0885887290771317,0.225627368367139
-0.0484670065586664,0.0743483504260436
-0.121828095593531,-0.237682181292413

Colors
61,131,201
113,146,113
155,82,183
125,206,157
79,217,148
211,121,163
87,111,49
117,58,195
144,63,199
148,185,63
